2765
2777
2781
7576
15436
15443
43381
43385
43390
43399
43406
44189
44211
47543
50126
52508
56815
56880
56897
56901
56995
57030
82320
82327
82357
82364
82421
82441
82445
82462
82471
84196
84201
84206
84215
84222
87438
98852
98859
99140
99145
99166
105602
105611
105618
105633
105639
107063
107075
115860
115865
115869
115873
115884
115890
117558
117589
119124
119129
119139
119147
119153
119164
121998
122002
122012
122026
122032
122039
122051
122061
122072
122077
122104
122108
122119
122126
122135
122149
126952
133090
